16
9 2 7 4 3 6 5 15 11 13 10 16 8 1 14 12
8 16 15 2 14 3 6 9 5 10 11 12 13 4 1 7
4 13 9 7 12 10 5 2 16 8 11 3 6 14 1 15
4 9 10 2 14 13 3 7 16 15 5 8 1 11 12 6
7 9 13 4 11 1 16 5 6 2 3 12 10 15 14 8
3 16 14 10 2 7 4 12 11 6 15 13 1 8 5 9
4 8 2 5 9 14 15 13 7 12 6 3 1 11 16 10
8 2 6 14 1 7 13 9 3 5 16 11 4 10 12 15
3 10 1 5 15 7 8 4 14 16 2 13 9 11 12 6
7 15 4 16 5 9 12 2 13 8 10 14 3 1 6 11
16 7 15 9 11 8 10 5 2 12 14 13 6 4 1 3
15 14 10 16 2 1 12 9 3 11 5 13 4 7 8 6
15 10 8 2 4 14 1 7 13 6 11 9 5 16 12 3
10 7 11 16 1 4 13 5 2 8 6 12 15 14 9 3
5 10 13 12 11 14 4 2 3 9 6 8 1 16 7 15
7 11 13 8 12 16 10 3 1 14 15 4 6 5 2 9
6 1 3 2 14 7 10 12 8 13 16 5 15 9 11 4
5 12 15 4 7 13 10 6 16 8 2 14 11 1 3 9
8 9 2 12 14 1 4 11 13 6 16 3 15 10 7 5
10 3 5 16 2 9 11 4 15 1 14 6 8 12 13 7
12 14 10 11 3 7 8 9 2 1 13 6 5 4 15 16
3 12 4 13 1 7 16 10 9 6 15 2 5 8 14 11
4 12 7 3 11 8 13 2 14 1 6 16 9 5 15 10
7 8 2 6 5 16 4 15 13 11 10 14 12 9 1 3
2 7 10 9 16 13 6 4 5 11 3 14 8 15 1 12
2 15 9 12 3 1 8 13 5 6 16 7 14 10 11 4
9 11 8 10 14 5 7 12 13 1 3 6 15 2 4 16
13 4 10 8 5 6 12 11 3 14 9 7 15 1 2 16
5 14 9 13 8 12 16 4 15 7 1 6 2 10 3 11
1 15 12 10 5 8 13 11 3 7 4 9 6 16 2 14
4 15 12 1 13 10 2 5 9 16 7 6 14 8 3 11
15 10 13 7 11 1 16 3 14 9 4 5 6 8 12 2
