32
17 1 6 13 7 19 18 15 28 4 8 12 10 2 24 3 31 26 21 25 27 23 20 30 14 16 29 22 11 9 32 5
2 24 3 9 28 16 1 23 31 12 6 22 29 26 15 32 18 7 14 30 19 25 27 10 11 13 17 8 5 20 4 21
3 32 14 17 29 18 24 4 5 1 12 15 30 21 2 7 20 28 8 27 16 19 13 31 6 22 10 23 25 9 26 11
1 15 6 13 25 19 22 20 24 8 27 23 32 30 9 28 18 11 2 10 17 7 16 31 4 3 26 29 21 12 5 14
8 24 15 10 23 28 5 22 26 32 25 12 21 18 13 17 9 6 19 16 14 4 7 11 20 3 29 27 30 31 2 1
28 7 25 4 20 31 14 19 29 6 11 23 16 30 12 5 3 2 18 32 26 24 17 22 8 27 21 9 13 15 10 1
3 17 14 25 1 31 6 29 23 9 20 30 10 18 7 15 16 24 4 22 12 2 26 32 21 13 27 5 19 28 11 8
23 10 29 30 12 15 14 24 7 5 21 18 11 19 32 3 26 28 6 16 13 2 25 8 9 22 20 31 1 17 4 27
29 3 10 28 18 21 19 16 20 22 25 26 4 8 30 12 27 24 9 14 11 6 32 15 2 31 17 23 7 13 1 5
12 30 20 1 31 4 27 14 23 25 22 6 21 5 26 3 18 10 17 29 15 28 32 7 13 19 8 16 9 24 11 2
5 9 14 31 11 22 17 29 27 12 20 2 25 16 21 10 24 4 1 32 28 19 30 26 18 13 7 8 23 15 6 3
21 15 28 6 20 27 30 7 8 18 13 19 26 14 22 3 32 17 23 9 1 31 25 29 5 4 10 16 12 11 2 24
7 15 14 9 8 20 12 4 16 3 24 22 31 19 29 26 28 30 18 23 6 21 10 1 2 32 5 13 25 17 11 27
5 32 24 29 23 9 7 16 15 20 1 31 11 25 13 18 4 6 27 3 30 22 28 19 17 14 21 2 8 10 12 26
16 14 25 20 22 12 3 8 31 5 30 21 6 11 4 1 29 17 23 26 2 13 7 18 28 10 19 24 9 15 32 27
32 9 15 16 22 6 30 25 17 4 21 11 14 31 2 29 26 23 24 10 20 1 13 27 8 12 18 5 3 28 7 19
26 16 30 12 28 10 2 6 31 15 7 4 27 18 24 14 22 32 23 20 13 19 21 25 29 8 5 1 3 11 17 9
6 23 27 20 26 5 30 16 3 14 1 7 24 12 18 29 2 10 8 9 11 19 22 15 13 17 31 28 32 25 21 4
3 10 9 17 15 2 12 21 32 14 13 26 8 22 5 19 27 11 6 4 1 25 30 20 16 31 29 18 7 23 24 28
24 16 31 29 3 14 20 15 28 23 32 26 5 1 27 30 25 13 11 9 6 19 18 12 2 7 10 22 17 8 4 21
26 8 31 17 32 29 20 28 12 3 23 1 11 21 25 18 2 22 14 30 10 13 7 5 24 27 4 19 16 9 6 15
30 11 22 18 7 29 5 28 24 2 13 3 6 15 32 1 20 31 16 19 8 27 9 12 21 10 23 25 17 26 14 4
22 7 1 13 23 4 32 21 3 30 9 5 10 31 2 19 28 12 6 11 16 29 18 26 14 8 25 15 24 20 17 27
3 6 21 18 12 2 31 26 17 24 19 25 27 4 8 23 11 15 20 13 29 5 30 16 7 10 32 9 1 22 14 28
4 25 26 1 22 5 29 11 16 15 7 18 17 21 30 2 8 20 28 24 3 19 12 9 31 23 27 10 32 14 13 6
26 21 11 18 8 1 3 7 16 13 29 15 6 4 19 24 12 14 5 32 9 30 23 20 31 27 17 10 25 22 2 28
9 31 5 23 1 24 28 15 20 25 32 19 21 2 13 16 12 18 11 7 30 3 4 27 29 17 22 14 6 8 10 26
17 15 19 9 26 30 18 32 2 14 20 1 31 5 13 3 23 11 21 8 29 12 27 24 28 10 16 4 7 6 25 22
16 20 23 5 30 10 27 31 7 4 25 17 22 11 12 21 13 15 26 6 18 29 14 19 32 2 28 9 1 3 8 24
18 20 13 32 9 2 17 16 21 10 12 1 3 24 11 19 7 31 8 5 23 4 30 29 14 26 25 6 22 15 27 28
3 27 1 31 4 8 17 12 26 14 29 18 24 32 25 16 7 21 19 5 10 20 2 28 15 11 30 23 6 9 13 22
19 27 30 2 16 18 15 26 24 21 23 20 12 10 13 6 31 29 9 32 5 17 4 22 1 11 8 14 7 3 28 25
6 18 28 32 1 8 22 20 16 14 2 10 15 12 25 9 31 23 19 24 29 5 27 3 21 4 13 17 30 11 7 26
20 15 13 2 10 31 7 3 29 24 4 18 12 11 32 1 17 30 25 6 16 14 22 28 21 19 27 9 26 23 8 5
4 30 8 14 22 16 23 15 29 9 21 24 18 26 25 5 28 27 7 6 20 11 3 2 32 17 1 12 31 19 10 13
27 25 30 5 26 6 32 29 17 7 8 19 10 12 13 28 18 11 1 4 3 23 9 14 21 20 16 31 15 2 24 22
9 23 22 14 13 32 2 12 5 27 7 16 20 29 18 6 24 26 15 19 11 17 10 3 28 21 30 8 1 25 31 4
28 22 6 31 19 16 15 27 4 23 25 14 3 29 9 11 26 2 30 20 21 13 5 10 8 18 24 1 7 12 32 17
27 26 12 9 1 13 10 19 15 32 17 31 30 11 22 20 5 8 23 25 16 14 29 21 24 2 4 28 7 3 18 6
8 30 25 26 15 20 24 23 11 19 10 18 1 16 13 21 12 31 29 27 7 14 9 3 4 6 32 2 17 5 28 22
6 11 21 7 4 23 2 13 8 10 22 26 27 14 28 1 12 30 9 32 15 3 29 25 16 18 24 31 20 17 5 19
4 22 17 21 6 12 14 1 9 11 26 2 18 7 27 19 8 5 23 29 3 28 32 15 25 30 20 31 13 10 16 24
18 14 11 7 4 26 30 32 17 21 20 15 12 1 24 27 5 31 10 23 8 28 19 13 6 3 16 9 25 29 22 2
30 5 12 31 8 16 20 17 29 9 32 21 3 1 27 28 15 7 18 22 24 11 25 13 6 2 19 4 14 23 10 26
31 21 16 14 20 18 8 17 32 23 26 25 6 9 7 28 12 11 13 15 10 2 4 27 24 30 19 22 5 29 1 3
26 23 15 16 27 25 2 13 6 18 10 20 9 31 7 1 22 19 5 21 28 24 32 4 11 14 29 8 30 17 12 3
7 28 8 27 4 19 13 10 1 5 12 32 16 14 29 23 30 22 26 24 11 25 15 18 20 9 3 2 21 17 6 31
3 11 5 6 32 8 9 15 7 30 29 14 16 17 26 12 25 18 23 2 21 13 4 10 19 28 24 1 20 27 22 31
13 6 19 9 24 2 1 29 16 23 8 5 32 26 11 20 21 10 17 31 25 4 18 27 14 28 30 7 15 22 3 12
15 30 14 4 16 25 1 2 8 20 11 23 6 9 26 32 28 13 27 24 7 10 17 12 29 18 19 3 31 5 21 22
29 4 21 5 10 15 12 23 27 1 32 8 18 7 16 9 2 17 30 31 22 19 24 13 11 20 14 6 26 3 28 25
10 1 23 27 28 13 29 32 24 11 7 18 4 17 21 9 15 5 31 16 3 22 8 14 2 30 26 20 12 19 25 6
16 15 26 5 19 25 17 27 6 18 12 4 20 3 28 1 21 29 7 24 10 30 31 32 14 13 11 9 2 23 8 22
21 12 5 31 2 23 29 13 19 25 18 6 17 14 16 3 8 22 30 20 4 27 11 9 7 10 32 28 24 15 26 1
26 11 25 14 8 22 4 27 30 19 7 5 32 9 20 31 24 1 12 17 3 16 2 21 15 13 28 29 18 10 23 6
18 21 22 11 15 13 29 16 28 3 31 7 9 19 32 17 4 23 25 20 27 12 14 2 10 26 24 30 6 1 8 5
16 20 31 11 3 1 5 4 22 21 25 30 6 19 28 9 27 14 8 2 12 17 15 24 29 32 23 18 13 26 7 10
15 21 25 4 2 10 14 29 1 18 12 24 22 28 27 7 26 31 3 6 19 13 16 5 17 20 30 9 32 23 8 11
7 28 30 25 4 19 10 23 18 6 22 13 31 20 32 16 21 27 15 24 11 17 2 8 5 14 1 29 9 12 26 3
6 29 27 18 10 14 21 12 25 8 26 15 1 22 5 17 7 31 24 32 2 11 30 4 19 28 16 20 9 13 23 3
28 32 10 20 25 22 24 29 9 3 8 13 14 4 18 11 27 1 26 5 2 16 21 31 7 12 6 15 17 23 30 19
23 24 2 7 5 30 3 17 21 16 19 4 15 27 6 10 32 31 25 1 20 11 29 14 26 22 12 28 13 8 18 9
19 2 22 12 32 15 3 20 29 11 17 24 8 25 5 14 1 28 4 31 6 23 18 13 30 7 10 9 27 26 16 21
29 31 5 24 15 4 17 1 16 32 30 19 9 8 6 11 14 12 22 27 10 3 13 25 26 20 28 21 7 2 23 18
