64
3 47 63 29 23 45 2 22 32 26 57 49 46 64 58 8 52 27 54 44 4 6 9 19 21 40 55 17 43 18 30 37 41 34 38 11 10 13 50 59 24 28 60 7 36 56 48 53 20 14 61 62 15 51 12 1 5 35 39 31 16 42 33 25
51 54 32 16 22 12 48 28 50 23 41 15 42 11 53 59 60 40 7 43 52 46 57 34 29 24 4 8 56 45 27 47 5 10 9 33 38 13 63 61 14 35 37 20 58 6 36 3 21 62 17 1 44 30 25 31 26 55 18 64 19 2 49 39
35 58 18 6 22 56 36 9 20 43 27 11 2 15 23 57 45 1 34 55 10 31 41 13 64 14 26 33 24 8 47 59 42 46 52 51 21 49 28 38 5 29 19 54 62 25 16 53 3 50 40 12 39 30 63 60 44 4 48 61 32 17 7 37
60 61 20 46 8 47 32 30 35 26 14 24 45 57 59 51 38 17 39 9 22 31 15 4 7 29 52 64 6 18 43 63 42 40 13 28 44 49 11 34 27 53 41 54 5 2 36 25 62 10 58 23 33 3 12 21 55 19 48 56 37 16 50 1
54 6 34 15 42 52 37 14 18 35 26 10 5 56 36 8 55 13 1 57 16 11 33 22 64 59 50 41 47 39 63 2 29 23 3 62 60 31 44 51 48 28 24 49 32 46 58 43 30 61 27 19 40 25 12 21 4 38 7 20 17 53 45 9
61 9 26 62 28 50 3 44 15 51 31 57 36 7 4 2 53 40 17 18 8 58 34 13 25 64 39 24 49 60 6 52 45 11 12 59 41 37 1 33 42 27 47 30 21 22 10 23 19 43 20 35 14 29 63 38 46 55 32 56 5 54 16 48
5 37 8 49 50 19 39 17 24 40 28 54 41 35 48 23 12 46 3 42 62 26 9 56 11 7 31 18 27 2 33 45 47 53 34 21 20 1 4 59 58 60 30 6 36 14 61 25 29 51 64 15 16 38 43 57 63 10 32 13 44 55 52 22
25 61 17 27 2 16 20 23 1 3 42 10 40 6 38 51 35 31 57 44 26 52 60 49 43 45 19 18 56 24 46 64 4 11 28 58 14 8 32 29 37 9 54 41 34 21 36 15 47 59 39 55 48 50 7 30 63 62 5 53 22 33 12 13
21 36 19 59 20 43 9 14 52 51 56 5 54 2 23 6 41 57 13 46 38 63 34 35 37 26 60 39 48 3 1 62 55 47 42 24 15 49 33 31 40 8 64 16 58 10 28 45 29 11 53 12 44 32 27 7 50 25 17 30 61 4 18 22
16 14 57 2 44 58 31 17 49 26 10 43 36 46 55 50 35 13 51 4 5 23 60 3 34 15 37 11 52 39 20 62 47 7 24 18 59 12 54 63 32 42 6 64 48 1 28 19 33 30 8 38 61 29 40 41 25 56 53 22 45 27 21 9
32 21 57 11 19 26 24 20 37 25 22 1 13 56 44 28 5 6 4 62 46 50 7 9 30 48 52 33 18 53 17 54 8 16 39 2 23 35 47 10 29 27 41 61 55 42 49 40 12 31 63 34 15 3 14 59 36 60 64 43 45 58 38 51
42 34 40 15 25 20 48 63 52 4 22 24 14 13 8 45 33 55 17 18 2 6 30 53 64 11 35 56 49 32 36 7 50 26 28 16 29 46 59 51 1 21 58 3 10 19 12 43 23 57 9 41 31 39 60 37 54 62 61 44 47 5 27 38
56 24 17 33 34 47 9 21 35 14 23 43 40 45 10 6 60 50 39 29 58 49 59 62 11 30 2 31 20 64 46 5 26 52 36 37 4 15 44 13 32 22 27 54 12 42 41 38 19 18 55 61 3 57 16 53 28 25 1 63 48 51 8 7
41 17 20 19 53 34 32 24 43 15 35 11 49 10 63 39 54 21 14 25 31 5 1 55 44 58 33 60 56 52 26 18 30 57 6 23 47 8 13 27 12 36 48 50 51 61 62 29 2 46 16 22 38 7 9 64 40 59 4 42 45 3 37 28
33 4 23 18 6 62 38 47 40 1 22 36 16 10 39 50 64 45 24 51 34 19 7 8 9 56 61 57 60 17 14 2 44 35 5 52 31 37 46 58 42 55 54 27 26 30 21 12 32 59 11 20 29 63 41 53 43 3 28 48 13 15 25 49
61 33 4 34 42 39 25 32 60 15 7 11 29 44 6 40 45 27 36 38 14 53 1 55 3 8 18 41 10 64 52 47 20 56 43 2 51 59 50 5 63 62 17 16 49 30 21 26 24 28 35 12 13 22 19 9 31 54 58 57 23 37 46 48
43 37 29 2 59 48 40 21 30 52 26 11 16 18 58 23 32 62 55 8 28 19 5 54 45 42 13 39 31 44 24 12 4 9 27 60 10 57 1 17 51 15 34 41 33 53 46 47 7 63 22 38 25 20 36 35 64 56 3 50 6 61 14 49
49 5 46 12 36 20 50 57 14 54 62 21 34 32 45 27 22 30 23 26 13 33 10 15 11 6 25 17 55 51 3 38 35 4 43 60 41 29 58 37 48 39 47 52 42 24 28 18 61 8 16 63 59 7 56 53 40 2 9 1 64 44 31 19
62 16 27 6 28 58 34 63 26 5 17 18 30 20 19 50 8 55 45 13 40 56 54 60 4 49 37 9 22 2 48 43 32 64 11 15 12 44 41 24 23 59 52 33 35 3 57 61 42 36 31 47 29 25 10 14 51 7 53 38 1 39 46 21
6 47 20 36 34 33 49 58 48 10 45 22 60 42 37 11 28 35 59 62 54 18 29 39 24 44 63 23 50 14 2 40 5 17 64 4 27 13 51 8 55 15 53 19 12 1 41 56 7 61 25 3 16 30 21 26 32 43 38 52 46 31 57 9
40 61 18 28 33 9 10 11 29 35 34 44 17 1 56 30 47 13 57 52 53 39 38 26 12 22 63 2 8 54 43 14 49 58 31 27 60 62 3 6 5 42 50 25 48 32 37 16 46 36 21 51 23 19 15 24 45 59 7 64 4 41 55 20
35 62 24 28 12 26 25 7 10 41 55 31 36 15 30 4 63 45 11 39 9 17 33 59 48 43 50 34 60 38 21 1 13 58 46 8 56 14 54 19 16 44 27 49 40 47 64 51 52 23 5 53 20 3 61 2 57 22 32 29 6 42 18 37
53 61 55 41 62 6 56 20 31 58 4 11 45 13 18 64 37 15 36 46 54 19 52 3 25 28 57 40 63 44 21 30 59 14 2 38 5 48 12 10 24 16 7 35 17 22 26 33 50 60 27 8 29 47 43 9 49 34 51 23 39 32 42 1
13 15 61 31 20 46 28 32 59 51 17 30 18 12 6 29 36 34 1 39 35 40 49 5 16 56 47 41 26 60 23 10 19 37 62 22 52 14 57 42 64 54 45 43 25 63 24 3 38 44 58 55 53 27 9 33 7 8 50 4 2 48 11 21
61 28 48 5 12 42 53 36 9 40 17 43 41 4 20 45 50 58 10 16 8 26 34 13 64 32 47 38 6 11 57 59 7 25 30 23 27 1 51 55 18 2 46 35 37 14 60 62 33 39 44 56 19 31 24 63 29 21 22 49 54 3 52 15
59 27 13 45 32 5 6 44 39 3 26 40 29 56 11 62 55 57 50 19 48 15 35 49 8 31 51 37 47 17 7 1 25 63 54 43 42 22 23 9 21 64 14 30 33 4 41 24 12 36 34 60 46 38 10 18 52 20 58 53 28 2 61 16
11 3 60 19 42 38 46 25 17 20 47 54 5 45 32 34 48 55 52 30 22 35 57 36 50 43 29 56 2 63 13 16 26 18 9 12 27 31 40 1 14 21 49 61 51 64 6 8 37 41 15 23 24 7 44 4 62 53 28 33 59 58 39 10
56 33 24 4 31 29 47 48 35 14 62 23 64 27 42 9 45 61 18 1 20 58 41 32 44 30 11 2 22 3 21 10 40 55 13 49 43 34 57 7 28 37 17 46 63 25 36 59 51 53 5 19 39 16 15 8 54 12 38 26 6 60 50 52
10 55 46 48 26 47 27 9 8 43 2 18 23 11 31 39 32 42 33 21 22 24 30 59 34 28 1 60 25 15 61 40 4 14 13 17 6 58 52 20 41 45 57 7 62 51 16 53 5 12 38 19 3 35 37 50 29 63 56 49 54 44 36 64
38 3 42 18 32 2 17 51 26 4 39 55 16 45 25 61 41 31 49 11 37 35 9 58 13 28 44 52 27 12 43 15 19 29 53 36 59 6 22 1 7 46 20 10 14 56 64 30 8 33 54 60 5 48 23 40 24 34 57 47 62 21 50 63
21 25 15 32 39 19 11 29 45 54 42 49 52 22 58 24 13 55 26 18 31 17 44 9 1 23 60 8 36 5 30 63 57 48 56 50 3 14 53 43 33 59 10 27 51 20 35 41 28 12 2 6 62 16 34 37 64 47 38 7 61 4 40 46
42 58 52 6 2 54 17 40 8 20 30 24 48 45 27 60 36 12 59 41 39 64 38 47 56 10 18 46 32 61 37 34 14 15 33 19 3 4 55 62 29 43 11 16 1 21 44 26 5 13 9 35 50 7 53 23 57 25 31 28 63 49 51 22
7 49 21 54 10 6 18 34 20 41 26 31 19 5 17 4 8 37 63 57 9 16 55 53 44 38 23 3 29 24 11 52 27 50 33 32 28 64 43 14 61 42 40 1 56 59 47 35 62 13 46 36 58 22 30 60 15 2 51 45 48 12 25 39
57 48 31 35 14 43 7 15 10 22 25 60 64 49 32 21 54 51 19 17 58 30 38 8 36 59 37 33 13 62 2 9 46 18 27 29 34 4 41 52 50 12 24 1 16 11 55 40 56 47 5 28 42 44 26 53 39 63 6 3 20 23 45 61
55 1 62 50 41 27 44 7 35 58 19 64 26 60 52 13 39 40 22 14 48 11 29 43 6 24 47 30 2 45 61 23 31 5 63 15 49 54 34 16 18 36 46 57 28 33 37 59 4 53 17 51 56 38 10 25 42 3 20 8 32 12 9 21
64 22 61 31 16 23 1 12 26 50 43 51 19 62 46 7 3 33 34 38 29 63 17 2 18 48 60 55 32 30 14 20 24 28 54 40 57 21 47 35 25 13 49 15 8 41 36 27 59 37 9 44 56 6 53 39 58 52 45 11 5 4 10 42
56 62 63 48 31 26 25 64 22 55 10 7 41 58 21 6 57 52 40 34 19 18 13 24 17 4 20 46 2 12 53 38 42 50 37 27 15 9 45 43 30 51 60 3 1 8 14 59 29 61 39 23 16 35 11 33 36 47 32 44 5 49 54 28
59 38 43 9 15 30 22 17 33 26 28 23 34 32 20 35 47 49 8 37 48 16 55 44 2 40 27 64 53 54 18 51 46 61 4 42 19 45 39 58 6 41 29 50 13 57 5 52 63 56 12 7 11 3 25 21 1 36 14 60 10 31 62 24
50 14 24 63 22 60 10 59 1 49 56 6 64 29 53 33 7 32 58 34 46 43 51 54 45 16 18 35 21 36 26 9 30 48 8 2 57 61 12 13 39 38 19 31 44 42 37 17 4 62 15 52 55 23 3 5 40 20 11 28 41 27 25 47
12 11 41 45 9 51 18 30 21 43 38 14 52 57 8 50 27 17 19 48 62 26 24 20 35 63 16 25 46 10 31 5 61 42 34 54 64 44 53 7 3 40 28 13 23 58 29 36 55 49 59 60 1 22 56 6 32 15 37 2 39 4 33 47
28 26 10 52 58 31 13 7 9 54 44 45 8 57 5 25 53 1 29 43 47 41 15 59 62 51 32 3 48 63 34 17 12 24 21 16 27 22 60 23 55 6 46 61 64 2 50 49 35 18 42 39 36 33 20 38 56 4 40 30 14 37 11 19
33 48 53 62 19 29 10 15 30 45 49 14 1 27 44 7 40 9 2 17 3 64 58 28 36 43 35 6 13 54 46 51 5 47 26 52 24 23 21 55 22 20 12 57 63 34 41 42 39 25 4 61 31 18 32 37 56 16 11 38 8 50 60 59
37 26 14 33 17 24 9 39 41 6 44 48 32 13 15 51 23 64 58 7 10 57 60 18 61 3 54 5 55 59 45 40 29 25 62 21 46 12 56 63 20 8 4 52 38 27 22 30 31 19 42 16 36 53 49 47 28 43 35 1 34 50 11 2
57 5 30 37 17 7 38 9 24 52 61 31 14 22 25 32 44 1 45 13 27 20 42 55 53 18 46 23 28 36 50 10 62 64 60 49 16 35 29 34 21 56 26 12 58 59 11 43 51 41 48 39 40 2 47 3 15 4 19 8 54 63 33 6
51 54 22 63 46 19 8 2 52 37 27 43 59 61 41 23 9 35 44 60 58 40 10 24 64 25 53 28 55 32 39 36 16 30 12 34 1 15 14 13 21 6 38 31 4 50 48 42 62 26 3 20 33 18 56 57 11 5 49 45 47 29 7 17
14 4 23 5 38 27 15 41 12 25 44 2 13 1 3 50 36 29 7 37 63 34 31 64 56 58 22 40 54 35 55 18 32 10 9 6 45 60 24 48 43 61 57 53 52 20 19 49 8 46 62 30 47 33 51 11 17 21 39 16 26 28 42 59
56 13 31 60 7 9 1 61 40 49 30 52 21 35 59 64 46 39 26 15 22 29 25 37 11 10 36 50 63 3 19 32 54 12 45 34 23 27 16 24 47 42 41 62 51 38 8 14 55 53 33 4 6 18 57 58 44 5 43 28 20 17 2 48
45 12 23 25 64 8 53 57 16 39 24 28 26 52 37 2 30 55 44 19 48 7 51 46 38 4 3 21 17 62 13 58 63 47 43 40 61 35 49 59 10 33 11 42 14 50 5 1 56 31 34 18 54 15 6 29 36 22 9 27 41 32 20 60
41 22 35 33 44 7 59 45 1 8 13 56 34 47 52 19 60 3 48 49 2 23 17 32 26 28 54 37 9 30 51 36 21 20 42 62 40 16 43 53 63 46 5 18 50 15 11 10 61 4 12 64 31 57 58 25 55 29 14 39 38 27 6 24
30 37 8 3 45 26 11 39 12 40 54 44 17 57 7 51 48 59 15 20 24 16 60 10 33 36 42 14 21 34 25 9 58 1 56 5 63 52 13 46 6 28 43 2 22 50 53 38 18 29 4 64 23 19 61 47 35 62 55 32 31 41 49 27
52 56 9 44 8 64 53 21 55 24 43 32 50 31 3 35 48 28 54 5 10 18 30 26 51 15 6 1 42 38 41 29 33 20 49 16 57 61 45 7 59 13 34 23 12 63 58 62 17 14 22 2 19 60 46 37 25 40 27 4 36 11 47 39
64 46 26 12 59 52 54 51 2 18 45 43 49 15 62 40 55 5 6 33 11 44 1 58 25 21 63 56 14 48 61 22 41 30 60 3 39 32 7 24 29 8 42 37 20 36 57 16 34 17 31 27 47 19 9 28 13 10 35 23 53 50 38 4
5 39 58 64 8 32 19 45 59 42 62 10 44 21 37 9 33 48 4 17 13 23 51 50 52 49 43 40 57 20 18 47 53 54 14 56 34 60 25 41 35 27 46 38 30 29 15 1 3 12 55 31 22 24 28 63 36 61 6 2 11 7 16 26
53 33 28 37 26 43 5 46 8 36 42 31 61 30 24 10 14 34 9 38 64 11 32 12 19 16 29 45 48 3 41 22 63 47 17 35 15 18 40 6 20 51 21 55 44 27 56 2 39 59 23 1 57 60 7 49 62 25 52 13 4 54 50 58
38 28 16 7 8 64 57 13 40 6 3 45 42 2 53 51 25 5 43 24 18 62 39 46 32 21 1 37 30 44 63 61 22 12 9 54 49 20 35 50 10 11 23 27 36 55 4 29 60 14 56 48 47 59 58 52 31 33 34 19 41 17 15 26
42 4 7 47 8 39 11 62 22 59 50 36 56 61 33 21 49 46 17 30 18 64 9 58 32 63 54 40 15 41 60 13 24 25 26 52 45 43 23 10 27 5 20 38 3 29 12 34 51 2 53 37 44 57 48 35 31 6 14 16 1 28 19 55
33 50 35 12 7 31 22 23 19 36 40 2 6 61 9 42 27 15 41 11 28 13 46 25 64 4 56 63 24 48 37 43 44 1 60 5 54 59 3 39 58 51 52 49 18 16 21 34 32 14 26 29 47 17 10 53 57 45 30 55 62 20 38 8
38 20 11 10 22 25 55 14 36 26 46 7 13 62 63 12 44 35 29 5 37 49 23 56 51 58 2 31 32 3 30 24 60 16 52 61 34 42 27 64 33 19 43 15 4 40 1 9 53 45 48 8 6 50 18 28 17 39 57 54 59 41 21 47
39 33 27 60 32 38 26 61 56 25 13 52 11 1 3 37 59 21 47 55 48 49 7 41 5 34 29 28 35 50 36 10 17 19 22 18 54 31 64 42 15 44 57 51 6 63 46 16 62 53 23 2 40 20 24 9 45 14 8 4 43 30 12 58
28 39 2 15 25 24 3 20 9 31 53 51 29 35 63 49 5 14 59 48 44 60 37 32 46 13 42 12 64 52 62 23 61 56 41 50 1 55 38 19 10 33 18 34 22 17 40 11 58 45 6 7 47 43 54 57 26 36 27 8 16 4 30 21
7 54 1 53 19 29 22 12 51 64 9 32 42 35 8 62 4 33 39 43 31 34 47 48 41 36 59 11 6 23 46 2 57 21 30 26 16 25 28 40 3 17 50 18 13 49 27 38 24 44 56 37 61 63 60 14 10 15 20 5 55 58 45 52
13 41 43 58 60 38 23 29 8 45 63 62 11 28 44 64 7 6 32 26 15 20 9 57 40 16 49 1 50 3 22 47 18 12 31 4 55 10 42 56 51 53 54 46 27 36 5 35 52 33 59 61 34 24 37 19 25 14 21 30 2 48 39 17
39 46 6 57 64 25 7 53 59 43 48 15 45 36 19 13 4 60 55 21 23 50 1 63 40 28 62 11 16 38 26 54 61 22 51 10 47 37 9 52 12 56 31 33 3 30 44 42 24 17 49 32 8 2 5 58 41 34 20 27 18 35 29 14
50 41 6 57 45 53 64 33 19 7 62 10 14 32 28 52 16 54 60 3 27 37 63 9 18 26 39 40 17 51 29 46 61 58 34 11 56 4 25 24 47 1 5 23 31 13 8 42 12 20 49 59 43 38 35 48 21 55 15 30 44 2 22 36
63 59 38 17 52 54 49 3 15 30 47 40 24 37 18 56 16 32 43 4 50 57 21 20 26 25 34 2 12 33 44 55 14 46 51 64 28 42 48 7 29 58 22 61 45 23 36 8 5 13 53 9 27 31 41 35 10 19 6 11 1 39 60 62
27 41 2 26 39 20 49 9 50 34 56 16 29 10 24 42 33 23 4 45 43 44 11 37 8 30 5 31 7 35 18 6 55 28 32 47 13 46 64 19 22 63 59 61 53 15 3 40 54 58 21 51 52 36 60 25 38 17 12 48 57 62 14 1
45 10 3 40 33 63 46 31 55 50 6 14 37 32 64 56 34 27 8 20 61 5 52 47 7 1 60 17 49 4 24 23 18 12 11 43 58 59 2 25 22 21 16 51 53 35 13 19 28 9 62 44 41 26 42 38 30 48 39 57 36 29 15 54
49 18 57 29 45 20 37 19 17 42 13 12 5 3 14 62 60 63 54 30 52 43 46 15 2 38 47 22 9 58 16 56 31 11 59 28 39 36 1 23 26 10 32 53 64 24 44 35 51 41 33 6 48 25 8 27 34 4 61 7 55 50 21 40
16 33 47 23 45 34 57 14 18 61 4 62 36 64 56 22 50 52 35 51 46 6 15 21 42 10 26 39 54 30 60 11 41 48 17 7 25 8 53 13 20 9 19 28 38 59 12 43 63 55 3 5 2 29 24 58 44 40 32 31 1 49 37 27
1 5 56 41 53 23 15 58 26 4 2 46 8 33 37 57 13 20 62 14 18 47 38 25 3 63 44 22 52 39 19 16 12 21 31 24 55 30 11 50 29 32 60 61 48 51 45 59 54 27 6 10 36 28 49 64 17 35 9 34 42 7 43 40
38 43 9 45 51 62 5 53 60 36 20 29 12 6 27 42 10 26 39 49 15 16 2 13 44 8 33 24 41 4 3 57 35 58 23 1 25 28 11 40 55 56 7 19 34 61 21 30 37 64 47 50 14 17 59 63 52 46 31 54 22 48 18 32
6 3 53 13 57 15 39 22 54 14 60 23 34 59 58 32 21 12 18 24 1 9 31 50 20 17 42 26 8 4 61 52 62 19 36 33 43 49 29 37 25 44 63 40 7 28 11 56 64 41 45 51 10 2 16 46 47 27 55 5 35 30 48 38
9 21 23 60 55 36 32 45 4 56 7 37 35 54 38 29 49 19 48 14 25 39 12 8 5 13 53 27 62 50 28 15 61 26 47 30 2 41 64 58 44 40 34 3 11 22 24 43 46 20 10 18 42 31 33 51 63 17 16 6 57 52 1 59
11 56 62 45 5 39 22 51 43 41 57 1 6 26 9 15 21 19 8 25 47 7 27 42 36 50 58 12 60 2 3 17 59 30 48 14 40 46 44 55 63 53 38 35 13 24 28 18 33 20 16 10 31 54 37 49 29 4 23 61 34 64 52 32
42 36 38 20 48 45 58 62 24 9 53 2 49 34 64 61 3 1 59 56 47 30 63 13 32 57 22 43 51 15 27 23 6 40 11 16 39 5 52 54 35 41 18 33 8 19 4 21 25 44 50 12 55 17 10 46 60 26 37 28 14 29 31 7
15 61 38 19 60 46 29 12 57 55 17 27 9 35 49 52 24 48 64 30 44 4 43 47 50 7 41 34 59 3 1 22 28 58 10 25 21 8 63 39 37 2 13 11 26 6 31 51 18 53 20 54 16 32 56 42 23 40 45 62 5 36 33 14
17 30 56 64 45 47 58 49 22 55 53 61 62 1 19 27 16 48 14 5 52 37 23 38 57 39 54 31 7 3 50 24 43 13 9 20 32 10 34 21 8 63 29 4 51 35 60 28 11 6 44 15 18 2 33 41 12 26 42 46 25 59 40 36
35 34 61 62 3 29 32 60 8 17 36 56 57 39 52 28 49 38 64 18 5 21 2 25 46 9 26 4 43 41 45 48 51 11 37 22 10 19 42 20 40 53 27 55 59 14 7 13 50 47 31 15 12 58 24 23 54 1 30 33 44 6 16 63
61 28 4 47 25 10 57 52 20 51 26 41 48 14 60 2 35 18 58 5 34 45 39 6 12 42 64 24 11 38 1 3 9 29 44 17 43 7 55 30 22 8 36 21 46 54 56 13 62 49 59 37 33 23 40 53 50 16 19 32 31 15 27 63
51 16 62 43 14 32 47 64 33 35 45 56 7 13 38 10 58 4 29 19 17 34 44 24 52 50 55 37 57 23 9 53 3 1 21 48 59 31 20 60 39 15 46 8 40 25 22 12 41 6 5 26 30 49 11 42 61 27 28 2 36 63 18 54
12 22 35 57 63 7 52 37 51 15 11 39 25 3 13 16 55 28 9 50 58 48 19 8 23 10 64 5 49 4 32 30 61 27 44 47 46 36 17 21 34 6 60 38 62 56 43 1 24 26 2 31 20 59 41 33 18 42 45 54 29 14 53 40
64 41 63 32 1 11 42 58 48 39 45 25 34 17 28 51 10 13 62 21 5 33 43 38 31 16 3 24 46 54 50 60 4 8 22 44 59 52 27 18 55 20 40 15 61 14 29 53 47 56 23 37 12 49 2 26 30 35 7 36 6 19 9 57
4 52 21 2 25 19 63 33 58 46 41 51 53 44 40 43 60 17 50 26 36 20 24 55 37 3 38 15 54 47 48 16 42 61 28 31 45 8 23 14 5 32 10 64 9 7 12 1 30 13 59 35 62 34 6 49 39 22 11 18 27 56 29 57
56 23 29 26 51 25 61 39 33 34 7 15 17 63 6 5 50 49 45 40 54 36 8 46 64 22 32 11 59 9 1 21 30 20 35 37 44 43 58 60 31 19 3 10 47 24 2 52 57 38 48 18 55 42 62 14 4 41 27 16 12 13 28 53
2 58 35 43 6 55 26 12 14 54 56 19 51 31 38 44 13 50 61 39 16 42 25 60 3 18 59 28 57 52 29 8 1 10 37 47 22 48 63 4 40 9 5 21 20 36 7 64 45 23 17 34 46 33 41 32 30 11 62 49 24 53 15 27
16 56 58 59 22 31 18 62 29 44 14 57 13 41 10 32 33 21 6 43 51 46 23 4 38 53 25 55 61 64 34 19 49 9 28 36 17 60 47 1 40 7 27 52 3 24 48 11 50 30 20 63 15 26 45 2 37 42 12 8 54 35 5 39
38 43 27 41 16 49 8 20 48 63 3 44 30 1 47 21 58 55 17 29 4 42 2 7 60 54 52 26 40 24 50 14 18 35 57 33 51 46 13 56 39 23 45 9 10 59 22 61 64 11 5 15 28 53 31 36 12 34 32 6 19 25 37 62
59 47 27 44 10 62 49 17 21 55 12 34 39 41 52 14 1 45 16 20 30 19 2 42 33 51 40 36 28 46 35 9 29 64 18 25 4 61 31 15 13 3 54 56 32 24 22 63 5 37 48 38 50 58 53 26 11 60 8 6 43 23 57 7
8 14 29 59 61 15 40 51 63 56 19 45 43 54 38 17 34 16 64 21 55 22 18 32 3 1 4 23 12 6 60 28 48 26 58 52 13 49 7 20 53 47 36 33 30 11 46 41 10 2 44 24 50 42 5 57 62 39 31 27 25 37 9 35
19 63 13 55 58 36 54 47 15 51 57 4 28 38 14 41 39 37 46 21 24 52 35 42 64 5 56 59 27 16 43 11 23 34 53 30 62 17 32 3 29 60 20 10 50 49 31 1 61 8 9 6 26 40 33 18 7 22 25 48 44 2 12 45
10 23 53 42 45 8 11 3 32 9 17 46 36 61 56 27 50 20 58 1 30 64 55 29 63 25 57 52 2 59 28 34 15 18 35 4 38 12 51 24 31 41 16 21 5 13 7 49 48 26 60 22 39 40 43 19 62 44 14 47 6 54 37 33
12 28 14 54 55 25 5 21 22 43 34 29 38 3 47 31 16 18 36 35 17 10 48 30 27 6 56 52 44 33 23 4 59 64 51 50 8 7 39 1 13 60 40 37 58 61 41 19 26 20 42 2 49 9 45 32 57 15 62 11 24 53 46 63
58 50 38 21 12 3 8 54 57 63 56 17 22 36 6 16 28 40 15 47 51 46 19 27 25 7 13 18 53 20 33 37 23 4 31 34 44 2 24 61 48 29 59 1 60 45 11 10 64 62 14 43 49 41 39 9 52 5 30 26 35 32 55 42
63 46 20 62 40 36 19 17 2 28 53 23 49 24 58 47 54 25 45 38 48 56 8 37 16 61 18 31 3 7 11 41 34 21 55 30 14 4 50 44 10 12 60 43 1 29 59 6 64 26 22 32 52 9 42 51 57 27 33 13 35 39 15 5
22 40 45 12 18 51 24 31 27 59 35 38 63 64 4 50 32 17 46 33 53 39 11 62 36 25 48 16 28 10 2 43 30 49 19 1 21 41 44 37 9 61 57 6 23 7 26 20 54 29 3 60 47 58 8 42 34 14 56 5 52 55 15 13
14 43 28 36 55 50 1 45 54 17 34 63 15 46 10 31 26 30 4 24 3 7 56 57 18 16 39 13 19 9 29 27 5 62 53 40 35 21 33 2 37 58 47 60 52 11 25 42 64 41 51 6 8 23 61 32 12 44 38 20 49 22 59 48
61 42 39 14 32 46 56 31 2 64 59 22 17 26 12 4 52 54 50 10 40 63 5 7 53 55 36 45 20 21 34 58 62 47 11 24 18 23 9 30 49 41 1 6 33 3 16 28 44 43 27 35 19 37 8 51 15 13 25 60 29 48 38 57
18 57 14 61 13 63 3 16 55 62 21 50 4 42 32 12 30 46 34 1 56 29 59 38 40 47 6 60 48 53 27 17 23 24 9 7 51 19 8 25 37 45 11 20 41 15 43 54 5 31 35 64 26 36 28 2 44 33 58 22 39 49 10 52
39 60 1 48 62 6 24 44 40 41 56 12 63 64 34 49 23 5 30 3 11 10 14 52 37 27 2 7 32 20 19 51 61 46 29 59 26 25 43 22 58 57 53 15 33 38 42 18 45 55 35 54 17 36 50 16 28 21 4 8 47 9 31 13
42 28 44 46 40 58 16 23 21 9 30 45 41 49 25 63 35 10 3 26 19 56 14 12 33 61 50 7 60 6 27 24 39 13 32 31 36 43 37 53 52 48 38 18 4 29 55 51 22 17 62 54 20 1 47 8 59 64 5 57 15 2 34 11
33 47 63 35 16 9 46 49 22 8 11 4 54 34 45 64 59 29 3 42 14 58 30 39 27 19 55 57 7 12 60 23 32 24 18 61 43 40 5 44 13 26 20 37 6 62 52 53 10 1 25 28 17 51 36 48 56 31 15 41 2 50 21 38
61 12 49 38 22 28 35 64 3 50 58 11 15 53 19 37 16 59 23 54 27 63 55 57 29 46 17 24 1 56 62 7 21 47 31 42 32 33 20 39 43 10 44 51 4 13 40 18 14 60 30 8 2 26 6 34 25 36 45 48 9 52 5 41
19 36 62 30 56 17 64 25 4 54 40 44 3 32 57 45 24 29 46 47 14 22 59 7 39 12 11 31 33 23 53 49 37 42 6 21 61 48 26 9 52 50 18 2 28 20 58 60 10 51 1 35 8 27 13 63 16 41 43 15 38 55 34 5
37 36 56 41 55 35 8 45 50 48 2 12 58 51 5 21 25 28 6 10 57 39 32 38 61 60 43 30 18 29 23 24 34 42 53 40 14 11 16 62 52 47 15 17 9 4 31 54 22 33 46 49 59 44 27 7 63 19 26 13 3 64 1 20
19 18 33 50 1 31 28 11 25 42 46 60 62 41 7 30 26 27 54 63 22 48 49 20 51 43 39 9 24 61 45 55 56 40 23 4 44 53 8 14 2 15 3 6 32 17 38 37 29 52 5 47 64 16 12 35 13 10 57 34 36 59 21 58
45 16 40 9 22 60 49 10 53 8 23 3 41 17 2 1 25 55 15 21 42 32 62 61 48 13 46 27 14 64 19 11 56 44 26 36 51 28 34 30 4 50 29 52 24 35 6 33 59 47 12 54 7 38 58 39 37 57 31 20 5 18 63 43
16 40 51 31 33 48 14 24 11 34 62 41 58 21 32 43 8 53 6 54 47 45 12 64 30 4 55 23 37 15 36 29 28 9 22 35 13 59 56 44 61 1 39 2 18 57 3 27 10 19 38 26 7 20 50 42 17 25 49 63 5 60 46 52
23 1 3 12 29 27 41 31 46 64 37 57 30 39 13 52 34 48 54 62 25 51 61 9 2 5 10 7 55 38 15 47 60 63 42 6 18 59 58 50 11 16 35 32 21 49 19 28 26 22 24 45 4 43 8 17 36 56 40 53 33 14 44 20
45 55 51 3 31 40 46 22 7 36 42 29 59 37 35 19 32 28 57 30 20 13 33 10 52 56 34 43 21 50 8 53 5 63 24 2 9 54 14 47 18 49 61 41 25 17 58 38 11 39 26 23 6 44 62 27 4 60 1 12 16 15 48 64
41 9 7 11 50 15 8 18 48 54 14 20 32 12 25 45 26 30 3 1 44 40 29 58 34 47 62 28 38 53 60 51 6 64 4 2 10 19 21 56 55 16 42 13 5 22 37 46 59 52 61 17 27 35 31 36 63 39 24 33 49 57 43 23
11 61 48 23 17 57 58 35 27 40 12 2 31 6 59 38 37 3 56 13 10 45 46 47 30 55 54 24 36 26 49 7 16 1 19 53 32 39 64 51 14 15 34 62 44 25 5 50 20 4 63 41 18 29 9 8 60 43 21 33 52 28 42 22
12 32 5 30 47 46 20 63 37 38 36 8 4 55 34 57 39 15 40 62 48 3 10 41 35 27 33 64 50 2 11 7 9 6 13 52 1 22 26 16 51 44 61 14 49 60 45 21 19 17 54 23 18 24 53 56 59 58 31 28 29 43 42 25
43 16 57 11 25 17 58 54 28 20 21 18 44 51 5 12 10 49 52 19 4 34 41 46 22 14 59 3 40 53 6 2 24 27 9 33 56 36 32 35 55 13 30 37 60 63 1 62 7 23 26 48 45 15 61 64 29 47 39 31 42 50 38 8
63 44 53 25 52 2 48 60 34 23 49 56 16 54 51 46 36 30 32 1 15 7 41 62 64 14 38 37 61 19 5 33 22 13 9 17 47 20 29 12 4 58 3 31 6 11 39 45 57 43 26 24 8 10 18 28 21 27 55 42 35 59 40 50
9 16 28 34 43 38 46 32 36 50 26 40 35 10 39 58 29 23 20 15 33 21 12 17 2 14 61 1 7 6 62 44 19 47 49 53 11 41 54 37 22 63 60 24 45 48 27 42 25 5 57 52 4 13 56 18 59 31 64 30 51 8 55 3
55 4 59 40 28 15 8 64 50 32 36 6 56 53 39 17 21 25 49 29 61 58 38 60 3 7 1 13 51 44 23 11 30 48 43 14 46 57 12 18 2 42 35 63 19 10 54 16 33 20 62 27 24 31 5 47 45 34 26 52 22 37 9 41
20 62 12 56 43 48 16 1 59 41 54 37 44 19 17 32 38 64 36 52 47 51 42 9 45 5 39 13 4 23 28 34 25 10 15 40 29 2 53 18 22 63 30 11 3 24 26 27 55 31 46 7 35 6 58 21 8 60 57 61 14 33 50 49
51 41 2 61 31 43 32 48 44 1 47 8 10 20 37 17 25 23 38 55 64 19 29 42 24 11 18 58 5 3 45 60 22 57 30 6 14 13 16 9 53 34 7 28 62 40 46 15 50 54 59 52 56 4 36 27 26 33 12 63 35 39 21 49
3 28 53 8 10 54 33 14 12 61 44 40 35 58 27 15 9 2 48 18 38 26 22 21 57 30 46 51 36 45 32 64 13 37 50 42 6 4 23 39 19 34 16 62 49 20 56 43 11 31 5 7 47 55 60 59 29 1 25 52 63 24 17 41
33 53 56 36 49 5 38 60 20 55 1 41 28 32 23 59 61 24 22 45 18 6 25 48 17 26 12 54 51 57 15 58 8 11 9 47 46 64 14 27 42 13 4 35 40 19 7 44 50 52 30 43 34 21 37 16 39 63 62 29 3 10 2 31
33 46 26 7 43 59 8 21 56 45 61 23 60 24 15 14 35 58 28 16 64 25 9 5 20 37 55 31 27 39 53 49 17 18 29 10 51 38 40 54 42 1 36 62 34 6 22 63 52 57 48 47 11 19 32 41 30 50 2 44 3 4 12 13
64 52 57 17 53 12 29 54 13 30 41 43 46 45 20 42 63 58 3 8 1 60 48 5 11 44 16 39 34 36 18 22 24 62 31 14 25 50 4 9 61 47 21 7 38 56 35 28 55 15 40 19 6 49 32 10 51 33 37 23 2 26 59 27
24 10 57 33 32 16 22 45 46 50 12 49 4 18 23 3 38 34 20 44 5 64 41 31 29 62 60 25 13 21 48 17 27 42 30 26 19 15 28 6 52 39 47 58 51 7 37 40 8 55 11 53 56 54 43 14 35 1 9 61 2 63 59 36
13 60 34 11 59 61 63 9 29 62 20 1 6 4 3 14 15 64 37 27 19 44 7 17 35 38 21 32 39 46 18 30 25 16 53 56 33 28 24 40 43 57 50 8 2 48 55 12 47 31 23 51 45 58 52 41 42 5 49 26 22 10 36 54
53 33 24 58 39 1 2 14 43 10 59 50 61 38 28 26 12 46 30 32 17 25 60 44 36 23 13 5 52 57 34 62 8 27 51 4 64 19 7 20 40 35 37 49 42 22 31 48 6 29 54 15 16 11 21 63 47 41 3 56 18 45 55 9
24 8 42 29 10 37 36 1 20 30 35 55 28 3 57 59 46 60 15 53 63 21 25 51 61 34 26 5 23 4 12 32 38 2 50 62 14 7 48 54 27 49 33 44 13 39 9 58 6 18 41 22 47 52 19 43 31 56 17 16 64 11 40 45
24 52 21 51 26 16 15 18 40 1 33 5 10 55 38 17 7 14 29 2 23 31 44 8 60 28 20 22 27 35 19 34 56 30 46 64 32 9 49 47 11 4 36 62 6 3 45 41 37 57 58 54 25 61 53 43 63 39 48 12 42 59 50 13
36 2 10 57 47 46 34 18 12 35 41 38 29 7 53 28 26 17 37 9 6 50 8 32 51 59 23 56 13 4 21 5 14 15 25 1 63 20 16 22 54 64 40 48 31 62 58 3 52 27 55 60 49 11 19 44 42 24 39 43 30 61 33 45
